1.345261020423047958e-03
2.809525853209204893e-01
3.191758484230988735e-02
2.334369860716662207e-02
7.163057827346721966e-03
1.008327040336596814e-01
2.218959906157326120e-02
1.790954558957812744e-03
2.410848379563787156e-02
5.553494671222621026e-02
1.070115243474409426e-03
1.035103649142725679e-01
1.586099343861243835e-02
8.475854791220992918e-03
3.900595469504922219e-04
5.536190810625096770e-01
2.309648971631793890e-01
1.434390483527098366e-04
3.232767433540922192e-02
2.743299403459948521e-02
4.316281922003237237e-02
7.125340344328546984e-04
4.442498791850277642e-03
1.166470528459633005e-02
1.968294486506392549e-01
2.117654528373023037e-01
3.084605086606815316e-01
4.996352672056907918e-01
8.838479861873400900e-02
1.806159739572030243e-02
5.817443894556788980e-02
9.322244480768733244e-01
9.088465402016627781e-01
1.184552662355743413e-01
2.211412084875920281e-02
1.863738781357843427e-03
9.106357412617635191e-03
5.948833117158246371e-03
7.974686864408083234e-03
1.828373358295695417e-01
2.899327589862015983e-02
1.527045940848443736e-03
8.218927314618430791e-02
5.864564341828250316e-02
3.938580552029253591e-03
2.705464203912155696e-01
1.777602043210494420e-01
1.380299998417548399e-02
2.354079526861424629e-04
1.829586178894339679e-02
9.849039847426644956e-01
9.892535599216969455e-01
9.967745810202248702e-01
5.915429726876659799e-01
7.369979919557476666e-01
4.911358668595078858e-01
6.550490417622598094e-02
5.648508785836252599e-01
9.937047096660500678e-01
9.990880164661095630e-01
7.680310065632793837e-01
9.985995496902402291e-01
9.458781673298071180e-01
8.735717243856718772e-01
2.200671163477298520e-01
9.946606101533357336e-01
9.215890447177149669e-01
9.977110308210320744e-01
9.945679489609261514e-01
4.131849858369535666e-01
9.898966098173467287e-01
9.967219161176994469e-01
9.998249371622737192e-01
9.881765113123114341e-01
7.612642315970841178e-01
7.598659282505840773e-01
9.959116403443103449e-01
9.904456888548254234e-01
9.608702972223301941e-01
9.297029113046122450e-01
2.295480359174235929e-01
9.664733396907283502e-01
6.908506231754506510e-01
8.981950980973835152e-01
9.992210500269306239e-01
9.942491947551480580e-01
9.442409806228602154e-01
9.945723991683801390e-01
9.905588901411459535e-01
7.281471307579375773e-01
9.398187477345754104e-01
9.429751568075451784e-01
4.354567969956560369e-01
9.994614705978692726e-01
9.435173125018441187e-01
8.902726174974845419e-01
9.869587545395251960e-01
9.954498464127319313e-01
9.996325110524487689e-01
9.369800885099440757e-01
