3.847024068534103669e-02
4.586181542714817816e-01
6.485165583730793104e-01
1.269728525563522670e-01
1.515582387268825035e-02
3.052272731555947735e-03
4.909354022217753117e-15
5.881722678049803310e-01
1.437158699694989772e-01
2.221437821191101815e-03
4.825236324763171325e-03
1.530221488089550941e-01
4.410435608705020726e-04
2.507951661055579096e-01
6.871213759358799769e-06
5.985652556233492932e-02
1.561910859937053475e-01
6.519506711566084300e-01
2.461539796804066149e-01
3.054998126041847187e-02
1.039273365175219684e-02
4.176901039599362209e-02
6.210880017955442423e-01
5.630850941072651494e-01
9.785563975376945778e-02
1.862427915540832146e-01
9.089880965688056915e-04
2.953370347818273442e-02
2.773450978516097884e-02
1.667504096873012598e-01
2.350720445504538014e-02
2.060245492746465013e-01
5.140497039589524836e-02
1.509710509566282999e-01
7.692798505849680890e-02
3.506079123601056335e-01
5.036792910450397370e-02
9.633268124774194696e-01
3.854230669040463741e-01
9.807506014896756608e-02
1.784282213950892093e-01
9.371051850205994738e-01
2.315012817704851511e-01
1.135661988807734613e-01
1.191977546556664391e-06
5.941055974388651656e-02
4.426530176832689789e-01
7.138187257199038460e-02
6.138028498557293600e-02
6.344876439943739621e-01
8.145975753126571961e-01
5.227970576460846397e-01
6.070236554813337460e-01
9.139567169184756867e-01
7.768343721724538797e-01
9.938622838710194918e-01
5.969980564009679247e-01
5.604222498550683884e-01
8.856354147728259241e-01
9.127348835247716119e-01
9.616746476103821273e-01
8.744716832816729069e-01
3.452494423077555608e-01
9.902068668870562806e-01
9.349750802208585121e-01
9.729050638879536139e-01
9.460575018000102476e-01
7.606314165831281615e-01
8.000558103042400004e-01
9.410787784318749294e-01
9.953075879528069381e-01
6.920281623211647082e-01
9.081418218252150787e-01
8.714818132010119234e-01
9.475942437786726291e-01
9.375424709219861708e-01
9.908185402435376599e-01
9.263747590558671918e-01
9.895570182626083344e-01
6.040183095683452352e-01
3.051399899240271885e-01
9.946710420996682789e-01
9.009613332310002498e-01
9.867441356179782463e-01
9.012301225611609734e-01
9.656321380062801163e-01
9.693301997572233430e-01
9.135680333350161275e-01
9.356112987635186728e-01
8.652346359620139982e-01
5.955460029459093141e-01
8.233140825520304240e-01
7.916148137681416896e-01
8.243916426067002812e-01
9.214254053272884493e-01
9.422209211042331667e-01
9.649026321085074631e-01
9.255632931816961673e-01
9.461846545197053482e-01
8.293872803295128104e-01
