1.281252668965931762e-01
1.726286496991655348e-04
2.606745312756049757e-05
6.696202299430139594e-05
2.102308247239376322e-04
2.092892406713462231e-03
5.703585279740512820e-04
5.607845784397068265e-08
5.839429477832116687e-04
4.059850209187993872e-06
1.085996698667785371e-04
2.949788844163010390e-04
1.862024332825906910e-03
3.459238182473324541e-04
4.731792035794361227e-06
8.443285773661528271e-02
2.056123225203172251e-05
1.436803090933486062e-05
2.056247438553645418e-03
1.486163429485537774e-06
6.688829869509851421e-07
8.804524525850111272e-04
4.801583385310957404e-04
1.146815681280060478e-02
1.369800539586779844e-07
4.242129376676736790e-08
2.321348705028920839e-05
1.685934467832545663e-02
1.583175408642474073e-05
9.293944938544019818e-01
4.146551669533132117e-03
2.766361498813983951e-05
8.665252192380933239e-07
1.299010772307058548e-05
5.470817150861169258e-03
1.126330945272955219e-03
3.172332251533842989e-02
4.271653931449169717e-01
4.486208492847124324e-05
1.106516705286429873e-05
1.031039194220141576e-03
2.448322846237236476e-05
1.994423308860365004e-06
3.157756345676821647e-03
5.533208493111222391e-05
3.753251428470116141e-03
2.468423887350878623e-06
2.752362965647469741e-08
1.703741697932132271e-04
9.586992460108904046e-01
1.276080047082573700e-03
2.766462437730164356e-02
8.692133903273517126e-06
1.430848538051915060e-03
1.460550670045703686e-02
6.612666874496438310e-07
5.372327358718272409e-04
7.193730898421335550e-04
1.163977819818189530e-03
1.116355321076077293e-04
3.354792836826880355e-04
2.548873050059336575e-05
7.520470867714221797e-01
9.974952143731928844e-01
9.707077927715660470e-01
8.011183906130563415e-01
7.794146515477109460e-01
9.928068599356532076e-01
9.444963577329679172e-01
9.995912457763210801e-01
9.999631896114150598e-01
9.987757323955976929e-01
9.971670574224127392e-01
9.813085607090296092e-01
9.957093462280832696e-01
7.462508814004004121e-01
9.829993797004300538e-01
9.795258519503631245e-01
9.985516788431157975e-01
5.074759404506100635e-01
9.927710388104136197e-01
9.999650659711528666e-01
9.986710607392800254e-01
9.926976570139806055e-01
9.611373011904522645e-01
6.592806509947609639e-01
9.889545394704168935e-01
9.964442490450831080e-01
9.998440650551898567e-01
9.838096405248885068e-01
8.025539085768351732e-01
9.928234639965988206e-01
9.573745158292562563e-01
9.957446970256105256e-01
9.521113965907818111e-01
9.998327330688954184e-01
9.986982103249482101e-01
9.244097131699144931e-01
9.997098204467398386e-01
9.994203339665034269e-01
9.998633800290974705e-01
9.852382594056783294e-01
9.798792157354939691e-01
9.993518433493494557e-01
6.810846651785679162e-01
9.873447783620921125e-01
9.744878362901154834e-01
9.985506353540611890e-01
9.292691002835934411e-01
9.193138417431196974e-01
9.994133546440978622e-01
8.710769633675972123e-01
9.923617837263133401e-01
9.112954958186166854e-01
5.307463957371121310e-01
9.942904839002041362e-01
9.992069676870626305e-01
9.047915613166727100e-01
9.992971361741503911e-01
9.876684977694301093e-01
9.661677452525201382e-01
9.902797204588918989e-01
9.085827337337795129e-01
9.990394439271165217e-01
