3.385696486185865717e-01
4.404783438720579619e-02
4.040890605483730968e-02
6.938101467918082743e-02
6.963215838940847724e-02
1.556254816382625639e-01
8.088015190307902558e-02
4.245859520025590562e-03
1.328307269603003216e-01
2.541355941129777238e-02
5.176085338470307745e-02
5.526272698047474119e-02
6.855958880218630813e-02
7.180016452502217816e-02
2.175436244011970388e-02
4.946747792521117293e-01
1.866259675057845360e-02
4.141194658150670199e-02
1.055460429524530397e-01
1.340992230135152306e-02
1.438954282833724424e-02
1.457645239207216170e-01
8.115744878920483352e-02
1.070943437400526943e-01
7.051019824023268406e-03
8.970620259888871170e-03
3.295701689050552913e-02
2.576240644281279080e-01
1.814921134847340134e-02
5.906281426659524270e-01
8.790904696273470209e-02
1.726906986875986760e-02
7.215140694693095678e-03
2.117442119989473848e-02
2.172800719198537123e-01
7.189445816226981700e-02
2.115977246856530491e-01
2.813455808315362683e-01
2.501097201925912492e-02
2.645471586189162769e-02
7.179319893617584769e-02
2.934937150857122243e-02
1.147125382578722576e-02
1.099341585274653255e-01
6.992846723178168522e-02
1.122534703926264393e-01
1.795745920690407227e-02
6.099312915867418326e-03
4.914298051797833661e-02
1.179240963384608376e+00
6.281554759562486823e-02
1.241324811783463405e-01
2.923195148014659864e-02
1.267208143971380596e-01
6.889142514132502726e-02
8.071499144675579884e-03
7.480014321167666180e-02
5.605691959361401577e-02
1.044703637565968929e-01
5.894919840370343306e-02
2.961118880751823987e-02
2.162046138219383615e-02
6.410406284327766491e-01
1.291739731940846569e+00
7.629761585577730099e-01
6.214174863877325317e-01
5.882257311843345216e-01
7.497732078876407913e-01
7.145637930040291685e-01
1.486065235320862321e+00
2.241920219453669816e+00
1.199006576418113035e+00
1.161399172964884041e+00
9.033794979232575573e-01
1.239735228654588628e+00
5.786065176010778410e-01
8.912744602869194788e-01
7.337251068520372899e-01
9.667144211138859466e-01
3.955787869681107183e-01
9.072660830730379100e-01
2.291089797172210840e+00
1.214015284051321197e+00
1.005518294883669173e+00
6.076581966223615350e-01
5.463246203220766262e-01
6.784996735708118676e-01
1.079862403982420727e+00
1.617486519168660264e+00
9.673284784157423211e-01
6.307163647669666862e-01
9.262548773371120925e-01
7.296848571084201263e-01
9.955284843933595029e-01
7.980329926332554447e-01
1.402446163213769692e+00
1.160080403583985564e+00
6.167062898462911669e-01
1.104304518828678638e+00
1.347519832943747442e+00
1.716210354787657266e+00
9.319220833462497078e-01
8.379747579119668499e-01
1.328177274074533232e+00
4.335882073947041615e-01
8.454695030233573272e-01
8.953022690233642944e-01
1.181786501359432418e+00
7.044995569675938096e-01
5.367277980821411054e-01
1.308031754476142838e+00
4.923500751212369630e-01
1.101990630714399177e+00
5.594074052671423880e-01
4.371567106496428989e-01
1.249394906233889602e+00
1.557403074484051020e+00
7.112068610106502264e-01
1.252071637519178049e+00
9.143572917150716295e-01
8.078671726057092828e-01
8.111506886124618676e-01
6.599465581543685344e-01
1.083073593033506921e+00
