1.000176812597670661e+00
1.000153165554358070e+00
1.000159941834771971e+00
1.000145745818455723e+00
1.000125950910318862e+00
1.000140128771330295e+00
1.000133881006292746e+00
1.000122460791641688e+00
1.000135070322328179e+00
1.000092721273343921e+00
1.000145873553152764e+00
1.000143712079676561e+00
1.000139985467037862e+00
1.000152526324583402e+00
1.000114088179133276e+00
1.000135626176275272e+00
1.000142312570816427e+00
1.000136748253161789e+00
1.000139242431349107e+00
1.000113823245964317e+00
1.000158280648485221e+00
1.000093337520162162e+00
1.000141771207017305e+00
1.000160145566636016e+00
1.000125346543351057e+00
1.000173731045040482e+00
1.000132149001471848e+00
1.000140428277461968e+00
1.000125019621240341e+00
1.000153004565498716e+00
1.000114731171429794e+00
1.000161678912937502e+00
1.000137183245151995e+00
1.000167409303583943e+00
1.000127719682767591e+00
1.000154645582001844e+00
1.000146912242439345e+00
1.000140352441090119e+00
1.000130528940559316e+00
1.000169016012855794e+00
1.000151047140937388e+00
1.000168098564134578e+00
1.000117002247384201e+00
1.000118807170666368e+00
1.000148010648689523e+00
1.000177662704043957e+00
1.000170522120449990e+00
1.000110102809224744e+00
1.000150803820597734e+00
1.000139896782926252e+00
1.000148581801129311e+00
1.000130484383240814e+00
1.000167022947161977e+00
1.000126661271169892e+00
1.000142027086123431e+00
1.000123177085142423e+00
1.000135685048249456e+00
1.000166702638449534e+00
1.000151065186245303e+00
1.000147645673066243e+00
1.000174332244536446e+00
1.000154221132238730e+00
1.000164236268809237e+00
1.000128966082395543e+00
1.000127803961414319e+00
1.000157715432243188e+00
1.000113989676293835e+00
1.000162501004948190e+00
1.000132703374660981e+00
1.000136826615763308e+00
1.000121340881491960e+00
1.000128541524264003e+00
1.000133189777329346e+00
1.000152702530812121e+00
1.000144870627970084e+00
1.000152332731078397e+00
1.000129451940002356e+00
1.000157291102844903e+00
1.000134433294706859e+00
1.000140762560440599e+00
1.000158279208109846e+00
1.000150844326788135e+00
1.000156801793503636e+00
1.000168926358514065e+00
1.000159798908956121e+00
1.000124086273959101e+00
1.000126375221632724e+00
1.000138050234009146e+00
1.000133344655341094e+00
1.000155984496887029e+00
1.000141049175808039e+00
1.000131152318251448e+00
1.000152839826172535e+00
1.000128216911280843e+00
1.000112948420442072e+00
1.000103207554834617e+00
1.000166244520389158e+00
1.000127351694949152e+00
1.000125823988466056e+00
1.000140462357635096e+00
1.000142937364763451e+00
1.000133465184180226e+00
1.000127104077466633e+00
1.000137933894321485e+00
1.000169699158327097e+00
1.000139986368839828e+00
1.000158957563436646e+00
1.000152176432864248e+00
1.000133641586138156e+00
1.000139432886067992e+00
1.000161388113945504e+00
1.000138609960337321e+00
1.000169308085063991e+00
1.000156965175050816e+00
1.000129484031194949e+00
1.000137880544710756e+00
1.000114961118140355e+00
1.000145855222556168e+00
1.000160384080998943e+00
1.000155273042129256e+00
1.000156746095923754e+00
1.000151921684447220e+00
1.000152485049136342e+00
1.000098907105696044e+00
1.000132582540779413e+00
1.000161591748005119e+00
1.000105845427251561e+00
1.000148287704491601e+00
1.000134841709281908e+00
1.000142861359910595e+00
1.000148585256867673e+00
1.000143999155263641e+00
1.000153520877389068e+00
1.000124997320142928e+00
1.000117449721460217e+00
1.000140227577449359e+00
1.000155535846480426e+00
1.000098201275398946e+00
1.000123317079316454e+00
1.000125608934550714e+00
1.000167275345653195e+00
1.000137693225378710e+00
1.000122524105082622e+00
1.000107572445875670e+00
1.000144493014742064e+00
1.000115072588800391e+00
1.000101170577001097e+00
1.000153689384278177e+00
1.000118939573068300e+00
1.000117454784434257e+00
1.000130969453174368e+00
1.000115562893106214e+00
1.000131362897992648e+00
1.000147769124981822e+00
1.000151875954703229e+00
1.000138802673123273e+00
1.000171910372515516e+00
1.000147435071845115e+00
1.000150839929842883e+00
1.000158002638593668e+00
1.000149964553041393e+00
1.000159038526852617e+00
1.000152021195876095e+00
1.000127348701150609e+00
1.000151828167343382e+00
1.000184599413368458e+00
1.000103392029402460e+00
1.000154918839479157e+00
1.000137234486143445e+00
1.000140534202509590e+00
1.000150322659252966e+00
1.000145005749286664e+00
1.000153757113724895e+00
1.000139350677999417e+00
1.000158189969209799e+00
1.000158143510349706e+00
1.000182190361269985e+00
1.000130054293839832e+00
1.000136112208866779e+00
1.000129403592306510e+00
1.000128506494819103e+00
1.000121316089118695e+00
1.000145250712474398e+00
1.000116515659952077e+00
1.000168212484183750e+00
1.000135568380603690e+00
1.000171016598387919e+00
1.000144655631600266e+00
1.000165940497559802e+00
1.000137843335808796e+00
1.000150154307251960e+00
1.000155972280455829e+00
1.000125551283511660e+00
1.000134417640663909e+00
1.000129577517638424e+00
1.000126965167846826e+00
1.000144785744823794e+00
1.000135870668082072e+00
1.000165882785682969e+00
1.000122732882644083e+00
1.000140253368879684e+00
1.000164934155408636e+00
1.000140919728111921e+00
1.000104505291638635e+00
1.000182377304148940e+00
1.000107620729798308e+00
1.000159406416377239e+00
1.000136859057176864e+00
1.000154193753525877e+00
1.000177395071240483e+00
1.000128785488801908e+00
1.000140921775270364e+00
1.000144513688072445e+00
1.000108773679657892e+00
1.000124852696617772e+00
1.000135776970797696e+00
1.000160459992759820e+00
1.000152971859677109e+00
1.000121844058752485e+00
1.000132043394507120e+00
1.000143339481570637e+00
1.000171694612604911e+00
1.000129150347659035e+00
1.000125117951674580e+00
1.000167988551853293e+00
1.000116636538324055e+00
1.000162333515482116e+00
1.000123776133604814e+00
1.000147297293705995e+00
1.000131910680152281e+00
1.000110491839971916e+00
1.000096534432320716e+00
1.000152777645326063e+00
1.000138724294465709e+00
1.000151158287246211e+00
1.000180489403441841e+00
1.000124861298060441e+00
1.000154779888122514e+00
1.000127565450484868e+00
1.000135808722117048e+00
1.000136324325512804e+00
1.000136922437125264e+00
1.000155999218436564e+00
1.000117456387621395e+00
1.000153563758835906e+00
1.000167619433573796e+00
1.000153325616181643e+00
1.000118385641594720e+00
1.000136240409047472e+00
1.000147785122830868e+00
